*** Profiling file ***

# jmap:

1. Старт программы - StartUI 

	Текущие значения(базовые):
	Total        180178       12333512

	Кол-во строк: 1235

---------------------------------------------------------
2. Выбор пункта "1" меню - (Create many items)

	Текущие значения:
	Total        180206       12333512

	Кол-во строк: 1236

	Количество объектов (instances) увеличилось на 28

---------------------------------------------------------
3. Ввод количества заявок - 10 

	Текущие значения:
	Total        191437       13508424
	Кол-во строк: 1307

	Количество объектов (instances) увеличилось на 1231. 
	Изменился объем памяти

---------------------------------------------------------
4. Выбор пункта "5" меню - Delete all items
	
	Текущие значения:
	Total        193495       13969904
	Кол-во строк: 1311

	Количество объектов (instances) увеличилось на 2058. 
	Изменился объем памяти

************************************************************
# jstat


1. Старт программы - StartUI 

    S0C         S1C         S0U         S1U          EC           EU           OC           OU          MC         MU       CCSC      CCSU     YGC     YGCT     FGC    FGCT     CGC    CGCT       GCT
        0,0         0,0         0,0         0,0      24576,0      10240,0     229376,0          0,0        0,0        0,0       0,0       0,0      0     0,000     0     0,000     0     0,000     0,000
        0,0         0,0         0,0         0,0      24576,0      10240,0     229376,0          0,0        0,0        0,0       0,0       0,0      0     0,000     0     0,000     0     0,000     0,000
        0,0         0,0         0,0         0,0      24576,0      10240,0     229376,0          0,0        0,0        0,0       0,0       0,0      0     0,000     0     0,000     0     0,000     0,000
        0,0         0,0         0,0         0,0      24576,0      10240,0     229376,0          0,0        0,0        0,0       0,0       0,0      0     0,000     0     0,000     0     0,000     0,000
        0,0         0,0         0,0         0,0      24576,0      10240,0     229376,0          0,0        0,0        0,0       0,0       0,0      0     0,000     0     0,000     0     0,000     0,000
        0,0         0,0         0,0         0,0      24576,0      10240,0     229376,0          0,0        0,0        0,0       0,0       0,0      0     0,000     0     0,000     0     0,000     0,000
        0,0         0,0         0,0         0,0      24576,0      10240,0     229376,0          0,0        0,0        0,0       0,0       0,0      0     0,000     0     0,000     0     0,000     0,000
        0,0         0,0         0,0         0,0      24576,0      10240,0     229376,0          0,0        0,0        0,0       0,0       0,0      0     0,000     0     0,000     0     0,000     0,000
        0,0         0,0         0,0         0,0      24576,0      10240,0     229376,0          0,0        0,0        0,0       0,0       0,0      0     0,000     0     0,000     0     0,000     0,000
        0,0         0,0         0,0         0,0      24576,0      10240,0     229376,0          0,0        0,0        0,0       0,0       0,0      0     0,000     0     0,000     0     0,000     0,000

---------------------------------------------------------
2. Выбор пункта "1" меню - (Create many items)

    S0C         S1C         S0U         S1U          EC           EU           OC           OU          MC         MU       CCSC      CCSU     YGC     YGCT     FGC    FGCT     CGC    CGCT       GCT
        0,0         0,0         0,0         0,0      24576,0      10240,0     229376,0          0,0        0,0        0,0       0,0       0,0      0     0,000     0     0,000     0     0,000     0,000
        0,0         0,0         0,0         0,0      24576,0      10240,0     229376,0          0,0        0,0        0,0       0,0       0,0      0     0,000     0     0,000     0     0,000     0,000
        0,0         0,0         0,0         0,0      24576,0      10240,0     229376,0          0,0        0,0        0,0       0,0       0,0      0     0,000     0     0,000     0     0,000     0,000
        0,0         0,0         0,0         0,0      24576,0      10240,0     229376,0          0,0        0,0        0,0       0,0       0,0      0     0,000     0     0,000     0     0,000     0,000
        0,0         0,0         0,0         0,0      24576,0      10240,0     229376,0          0,0        0,0        0,0       0,0       0,0      0     0,000     0     0,000     0     0,000     0,000
        0,0         0,0         0,0         0,0      24576,0      10240,0     229376,0          0,0        0,0        0,0       0,0       0,0      0     0,000     0     0,000     0     0,000     0,000
        0,0         0,0         0,0         0,0      24576,0      10240,0     229376,0          0,0        0,0        0,0       0,0       0,0      0     0,000     0     0,000     0     0,000     0,000
        0,0         0,0         0,0         0,0      24576,0      10240,0     229376,0          0,0        0,0        0,0       0,0       0,0      0     0,000     0     0,000     0     0,000     0,000
        0,0         0,0         0,0         0,0      24576,0      10240,0     229376,0          0,0        0,0        0,0       0,0       0,0      0     0,000     0     0,000     0     0,000     0,000
        0,0         0,0         0,0         0,0      24576,0      10240,0     229376,0          0,0        0,0        0,0       0,0       0,0      0     0,000     0     0,000     0     0,000     0,000

---------------------------------------------------------
3. Ввод количества заявок - 10 

    S0C         S1C         S0U         S1U          EC           EU           OC           OU          MC         MU       CCSC      CCSU     YGC     YGCT     FGC    FGCT     CGC    CGCT       GCT
        0,0         0,0         0,0         0,0      24576,0      12288,0     229376,0          0,0        0,0        0,0       0,0       0,0      0     0,000     0     0,000     0     0,000     0,000
        0,0         0,0         0,0         0,0      24576,0      12288,0     229376,0          0,0        0,0        0,0       0,0       0,0      0     0,000     0     0,000     0     0,000     0,000
        0,0         0,0         0,0         0,0      24576,0      12288,0     229376,0          0,0        0,0        0,0       0,0       0,0      0     0,000     0     0,000     0     0,000     0,000
        0,0         0,0         0,0         0,0      24576,0      12288,0     229376,0          0,0        0,0        0,0       0,0       0,0      0     0,000     0     0,000     0     0,000     0,000
        0,0         0,0         0,0         0,0      24576,0      12288,0     229376,0          0,0        0,0        0,0       0,0       0,0      0     0,000     0     0,000     0     0,000     0,000
        0,0         0,0         0,0         0,0      24576,0      12288,0     229376,0          0,0        0,0        0,0       0,0       0,0      0     0,000     0     0,000     0     0,000     0,000
        0,0         0,0         0,0         0,0      24576,0      12288,0     229376,0          0,0        0,0        0,0       0,0       0,0      0     0,000     0     0,000     0     0,000     0,000
        0,0         0,0         0,0         0,0      24576,0      12288,0     229376,0          0,0        0,0        0,0       0,0       0,0      0     0,000     0     0,000     0     0,000     0,000
        0,0         0,0         0,0         0,0      24576,0      12288,0     229376,0          0,0        0,0        0,0       0,0       0,0      0     0,000     0     0,000     0     0,000     0,000
        0,0         0,0         0,0         0,0      24576,0      12288,0     229376,0          0,0        0,0        0,0       0,0       0,0      0     0,000     0     0,000     0     0,000     0,000

	Изменился показатель EU.	

---------------------------------------------------------
4. Выбор пункта "5" меню - Delete all items
	
	    S0C         S1C         S0U         S1U          EC           EU           OC           OU          MC         MU       CCSC      CCSU     YGC     YGCT     FGC    FGCT     CGC    CGCT       GCT
        0,0         0,0         0,0         0,0      24576,0      12288,0     229376,0          0,0        0,0        0,0       0,0       0,0      0     0,000     0     0,000     0     0,000     0,000
        0,0         0,0         0,0         0,0      24576,0      12288,0     229376,0          0,0        0,0        0,0       0,0       0,0      0     0,000     0     0,000     0     0,000     0,000
        0,0         0,0         0,0         0,0      24576,0      12288,0     229376,0          0,0        0,0        0,0       0,0       0,0      0     0,000     0     0,000     0     0,000     0,000
        0,0         0,0         0,0         0,0      24576,0      12288,0     229376,0          0,0        0,0        0,0       0,0       0,0      0     0,000     0     0,000     0     0,000     0,000
        0,0         0,0         0,0         0,0      24576,0      12288,0     229376,0          0,0        0,0        0,0       0,0       0,0      0     0,000     0     0,000     0     0,000     0,000
        0,0         0,0         0,0         0,0      24576,0      12288,0     229376,0          0,0        0,0        0,0       0,0       0,0      0     0,000     0     0,000     0     0,000     0,000
        0,0         0,0         0,0         0,0      24576,0      12288,0     229376,0          0,0        0,0        0,0       0,0       0,0      0     0,000     0     0,000     0     0,000     0,000
        0,0         0,0         0,0         0,0      24576,0      12288,0     229376,0          0,0        0,0        0,0       0,0       0,0      0     0,000     0     0,000     0     0,000     0,000
        0,0         0,0         0,0         0,0      24576,0      12288,0     229376,0          0,0        0,0        0,0       0,0       0,0      0     0,000     0     0,000     0     0,000     0,000
        0,0         0,0         0,0         0,0      24576,0      12288,0     229376,0          0,0        0,0        0,0       0,0       0,0      0     0,000     0     0,000     0     0,000     0,000

**********************************************************
# jconsole

Данные довольно статичные. Меняется только CPU Usage.